150 15
##################################################################C###################################################################################
#++++##++++++++++##+##+++++++##+##++++##++++++++++##+##+##+++++++++CCCCCCC##+##CCCCC+++++##+++++++##CCCCCCCCCC##++++##+++++++++++++##++++##+##++CCCCCC
####+########+#####+########+##+##+########+#####+##+##+##+##############C##+##C##C###########+##+##C########C##+#####+#################+##+#####C##+#
+###+########+#####+########+##+##+########+#####+##+##+##+##############C##C##C##C###########+##+##C########C##+#####+#################+##C#####C##+#
#++++##+##+##++++##++++++++++++++++##+##+##+##+++++++++++++++++++++++++##+CC+CC+##+CCCCCCC++##+##+##C+++##++++C++++++++##+##+##+##+##+++++C+CCCCC+##++
####+##+##+#####+##+###########+##+##+##+########+#####+##+##############+##############C#####+#####C#####+##C###########+##+##+##+########C##+##+##+#
####+##+##+#####+##+###########+##+##+##+########+#####+##+##############+##############C#####C#####C#####+##C###########C##C##C##C########C##+##+##+#
+++++##++++##+##+##+##++++##++++##+++++++##++++++++++##+##+++++++++++++##++++++++++##++++CCCCC+CCCCC++++##+##+CCCCCC##CCC+CC+CC+CC+CCC##CCC+##+##+##++
####+##+#####+##+#####+#################+####################+##+##+#####+##############+########+###########+##+##C##C##+##+########C##C#####+#######
####+##+#####+##+#####+#################+####################+##+##+#####+##############+########+###########+##+##C##C##+##+########C##C#####+######C
++##+##++++++++++++++++##++++++++++++++++##+++++++++++++##++++##+##++++##++++##+##++++++++++##+##++++##+++++++##+##+CC+##+##+++++++##+CC++++##++++CCC#
#+##+##+#####+#####+##+#####+########+##+#####+##+##+#####+##+#####+##+##+##+##+##+##+#####+##+#####+#####+#####+##+##+#####+##+##+########+##+##C####
#+##+##+#####+#####+##+#####+########+##+#####+##+##+#####+##+#####+##+##+##+##+##+##+#####+##+#####+#####+#####+##+##+#####+##+##+########+##+##C###C
#+++++++##++++##++++##+++++++++++++##+##+++++++##+##+++++++##++++##+##+##+##++++##+##+##+++++++##+++++++##++++##+##+##++++##+##+##+++++++##+##+##+CCC#
######################################################################################################################################################

######################################################################################################################################################
#C##+##++++++++++##+##++++++++++##++++++++++++++++++++++##++CCCCCCCCC++##+++++++##++++++++++++++++++++++++++++++++++++++++##++++##+++++++##++++++++++#
CC##+########+##+##+###########+########+#####+##############C#####C#####+########+###########+#####+##+#######################+##+#####+##+#####+###+
#C##C########+##+##+###########+########+#####C##############C#####C#####+########+###########+#####+##+#######################+##+#####+##+#####+####
#+CCC##+##++++##++++##+##++++++++++++++++##CCC+CCCCCCCCCCCCCC+##+CCCC++++++++++++++++++++##+##+##++++##+##+##+##+##+##+++++++##+++++++##+##++++##+++++
####C##+########+##+##+#####+#####+########C##+#####+###########C#####+##+##+##+##+########+##############+##+##+##+#####+#####+##+########+#####+##+#
C###C##C########+##C##C#####+#####+########C##+#####+###########C#####+##+##+##+##+########+##############+##+##+##+#####+#####+##+########+#####+##+#
#C+++CC+CCC##++++##CCC+CCC##+##++++##+++++C+##++++##++++++++++##+CC+##+##+##+##+##++++##++++++++++++++++++++++++++++++++++++++++##+++++++++++++##+##++
#C##+#####C########C#####C#####+#####+#####C##+#####+##+#####+########+#####+###########+###########+#####+##+#####+##+########+##+##+#####+##+#######
C+##+#####C########C#####C#####+#####+#####C##+#####+##+#####+########+#####+###########+###########+#####+##+#####+##+########+##+##+#####+##+#######
#C##+##++++CCC##CCC+##++++CCC##++++##+##CCC+##++++##+##+##++++++++++##++++##+++++++##+##++++++++++##+##++++##+##++++##+++++++##+##+##+##+##+##++++++++
#C########+##C##C########+##C###########C##+#####+##+##+#####+###########+##+########+##+####################+#####+##+##+##+########+##+#############
C+########+##C##C########+##C###########C##+#####+##+##+#####+###########+##+########+##+####################+#####+##+##+##+########+##+############+
#+##+++++++##+CC+##+++++++##+CCCCCCCCCCC+##++++##+##+##++++##++++++++++##+##+++++++++++++++++++++++++++++++##+##++++##+##+##++++##+++++++++++++++++++#
######################################################################################################################################################

C(66,7,2)->C(65,7,2)->C(64,6,2)->C(64,5,2)->C(65,4,2)->C(66,4,2)->C(67,4,2)->C(68,4,2)->C(67,3,2)->C(67,2,2)->C(68,1,2)->C(67,1,2)->C(66,1,2)->C(65,1,2)->C(64,1,2)->C(63,1,2)->C(62,1,2)->C(61,1,2)->C(60,1,2)->C(61,2,2)->C(61,3,2)->C(60,4,2)->C(59,4,2)->C(58,4,2)->C(57,4,2)->C(56,4,2)->C(55,4,2)->C(54,4,2)->C(53,4,2)->C(52,4,2)->C(51,4,2)->C(50,4,2)->C(49,4,2)->C(48,4,2)->C(47,4,2)->C(46,3,2)->C(45,4,2)->C(44,4,2)->C(43,4,2)->C(43,5,2)->C(43,6,2)->C(42,7,2)->C(43,8,2)->C(43,9,2)->C(42,10,2)->C(41,10,2)->C(40,10,2)->C(40,11,2)->C(40,12,2)->C(39,13,2)->C(38,13,2)->C(37,13,2)->C(36,13,2)->C(35,13,2)->C(34,13,2)->C(33,13,2)->C(32,13,2)->C(31,13,2)->C(30,13,2)->C(29,13,2)->C(28,12,2)->C(28,11,2)->C(28,10,2)->C(27,10,2)->C(26,10,2)->C(25,9,2)->C(25,8,2)->C(25,7,2)->C(24,7,2)->C(23,7,2)->C(22,6,2)->C(21,7,2)->C(20,7,2)->C(19,6,2)->C(19,7,2)->C(19,8,2)->C(19,9,2)->C(18,10,2)->C(17,10,2)->C(16,10,2)->C(16,11,2)->C(16,12,2)->C(15,13,2)->C(14,13,2)->C(13,12,2)->C(13,11,2)->C(13,10,2)->C(12,10,2)->C(11,10,2)->C(10,9,2)->C(10,8,2)->C(10,7,2)->C(9,7,2)->C(8,7,2)->C(7,6,2)->C(6,7,2)->C(5,7,2)->C(4,6,2)->C(4,5,2)->C(4,4,2)->C(4,3,2)->C(3,4,2)->C(2,4,2)->C(1,3,2)->C(1,2,2)->C(1,1,2)->C(0,2,2)->C(149,12,1)->C(148,13,1)->C(147,13,1)->C(146,13,1)->C(145,12,1)->C(145,11,1)->C(146,10,1)->C(147,10,1)->C(148,10,1)->C(149,9,1)->C(0,6,2)->C(1,7,2)->C(1,8,2)->C(0,9,2)->C(1,10,2)->C(1,11,2)->C(0,12,2)->C(149,1,1)->C(148,1,1)->C(147,1,1)->C(146,1,1)->C(145,1,1)->C(144,1,1)->C(145,2,1)->C(145,3,1)->C(144,4,1)->C(143,4,1)->C(142,4,1)->C(141,4,1)->C(140,4,1)->C(139,3,1)->C(138,4,1)->C(139,5,1)->C(139,6,1)->C(138,7,1)->C(137,7,1)->C(136,7,1)->C(136,8,1)->C(136,9,1)->C(135,10,1)->C(134,10,1)->C(133,9,1)->C(133,8,1)->C(133,7,1)->C(132,7,1)->C(131,7,1)->C(130,6,1)->C(129,7,1)->C(128,7,1)->C(127,6,1)->C(126,7,1)->C(125,7,1)->C(124,6,1)->C(123,7,1)->C(122,7,1)->C(121,6,1)->C(120,7,1)->C(119,7,1)->C(118,7,1)->C(118,8,1)->C(118,9,1)->C(117,10,1)->C(116,10,1)->C(115,9,1)->C(115,8,1)->C(115,7,1)->C(114,7,1)->C(113,7,1)->C(112,7,1)->C(111,7,1)->C(110,7,1)->C(109,6,1)->C(109,5,1)->C(110,4,1)->C(109,3,1)->C(109,2,1)->C(109,1,1)->C(108,1,1)->C(107,1,1)->C(106,1,1)->C(105,1,1)->C(104,1,1)->C(103,1,1)->C(102,1,1)->C(101,1,1)->C(100,1,1)->C(100,2,1)->C(100,3,1)->C(100,4,1)->C(100,5,1)->C(100,6,1)->C(99,7,1)->C(98,7,1)->C(97,7,1)->C(96,7,1)->C(95,7,1)->C(94,6,1)->C(93,7,1)->C(92,7,1)->C(91,7,1)->C(90,7,1)->C(89,7,1)->C(88,6,1)->C(88,5,1)->C(89,4,1)->C(88,4,1)->C(87,4,1)->C(86,4,1)->C(85,4,1)->C(84,4,1)->C(83,4,1)->C(82,3,1)->C(82,2,1)->C(83,1,1)->C(82,1,1)->C(81,1,1)->C(80,1,1)->C(79,1,1)->C(79,2,1)->C(79,3,1)->C(78,4,1)->C(77,4,1)->C(76,3,1)->C(75,4,1)->C(74,4,1)->C(73,3,1)->C(73,2,1)->C(73,1,1)->C(72,1,1)->C(71,1,1)->C(70,1,1)->C(69,1,1)->C(68,1,1)->C(67,1,1)->C(66,0,1)->
