30 4
#######C######################
C#CC#C+CC+#####++++#######++++
#C##C#C###++######++###+##+#++
##############################

##############################
+#+#######CCCCCC####CC#######C
+++++CCCCCCCCC##CCCC#CCCCCCCCC
##############################

C(5,2,2)->C(6,2,2)->C(7,2,2)->C(8,2,2)->C(9,2,2)->C(10,2,2)->C(10,1,2)->C(11,2,2)->C(11,1,2)->C(12,2,2)->C(13,1,2)->C(12,1,2)->C(13,2,2)->C(14,1,2)->C(15,1,2)->C(16,2,2)->C(17,2,2)->C(18,2,2)->C(19,2,2)->C(20,1,2)->C(21,2,2)->C(21,1,2)->C(22,2,2)->C(23,2,2)->C(24,2,2)->C(25,2,2)->C(26,2,2)->C(27,2,2)->C(28,2,2)->C(29,2,2)->C(29,1,2)->C(0,1,1)->C(1,2,1)->C(2,1,1)->C(3,1,1)->C(4,2,1)->C(5,1,1)->C(6,2,1)->C(7,1,1)->C(8,1,1)->C(7,0,1)->
